22-12-01.DAT=3C144: 185572 189818 194806 199787 203671 209387 227206 233516 237802 243380 253191 287799 292484 296261 301860 306505 310377 315865 320456 325173 330091 339293 344368
23-12-01.DAT=3C144: 158101 163077 168176 172083 176746 192264 196602 200807 205924 211038 216227 220655 225683 230616 235444 240742 244841 249473 254375 259458 264027 269004 274122 278789 287872 292230 297265 302697 306941 312678 317129 320695 326593 331096 335980 340418 345222 350446 355239 
23-12-02.DAT=3C154: 2008 2627 3228 6985 7586 12590 13049 16716 17538 21890 22857 26027 27060 31692 32792 36323 37150 39859 41092 46066 47142 51378 52210 57057 61748 65157
23-12-03.DAT=3C175: 2166 6459 7127 11823 12640 16573 17489 21892 22575 26302 27416 31044 35580 36400 40961 42059 44928 45757 49288 50124 55686 59824 60915 63781 64621 68741 69335
23-12-04.DAT=3C196: 3070 7660 14000 18225 22400 27285 31591 36817 40688 46986 50279 55139 60581 59980 65929 70822 70220 74519 75147 78680 79245 83750 84526 88986 93827 98687 108126 108815 113884 114490 117733 127441 128050 131499 138347 137745
23-12-05.DAT=3C208: 2123 6477 7080 10974 11575 15893 16494 21504 22105 26104 26705 31005 35985 36586 40639 41240 44949 45550 49911 50512 54700 55301 59487 60088
23-12-06.DAT=3C245: 3910 5010 9100 9760 13590 14628 18235 19345 23261 24000 27221 28790 31798 33237 37040 38755 42591 43781 47543 48450 52370 53338 57057 57900 61895 62860 66950 68047
23-12-07.DAT=3C254: 3516 4470 7648 8559 12572 13355 17891 18996 23198 24093 37859 41593 43043 47640 48171 50540 51368 54445 61551 62597 65310 66118 69910 70766 77780 79087
23-12-08.DAT=3C273: 4325 5568 10384 12061 12700 15150 17360 20721 21992 24556 25224 29889 30650 34000 35403 38991 39532 43670 44068 48235 48838 49860 53637 57990
24-12-01.DAT=3C144: 2822 7597 12344 17565 21954 31867 37495 40883 46060 51445 54931 59308 64979 65580 70220 70882 73729 74357 78843 89485 94709 98340 103976 108345 113593 123359 127728 132254 136622 141285 162065 165763 171104 174774 179844 185769 190588 196489 205928 210887
24-12-02.DAT=3C154: 3753 7865 9090 12670 13124 18084 22389 27506 28045 32433 33070 36928 37660 41418 42787 46381 51100 52134 54915 55587 60107 61397 65515
24-12-03.DAT=3C175: 1340 2136 6726 7381 11621 12733 16557 17010 21248 21849 26249 27493 30886 31589 35498 36129 40397 41011 44793 45342 50302 51309 53970 54392 59572 60200 64477
24-12-04.DAT=3C196: 1854 7355 8509 11670 12592 16911 17518 22120 22727 27061 31834 36285 40981 50835 54989 60167 63997 64605 69829 73975 78504 79109 84046 89545 90150 93889 94581 99297 102770 103380 107890 108716 113463 116365 117000
24-12-05.DAT=3C208: 7272 7880 11578 12180 15839 16440 25763 26370 30239 36100 41399 46671 55730 56332 60698 3134 3740 7373 7980 12501 13105 17492 22164 22770 26729 27340 31633 32240 36750 40882 46865 51383 51985 55438 56040 60810 61444 65618 
24-12-06.DAT=3C245: 3238 7351 7437 8040 12463 13065 17426 18030 22232 22840 26699 27205 31591 32200 36369 36970 40741 41345 46459 47060 51355 51957 56218 60912 61515 65556 65626 
24-12-07.DAT=3C254: 4104 5115 9568 10170 13125 13729 17881 18483 23480 24082 27292 24081 32241 32842 37442 38043 45723 46324 50812 51413 56130 56750 61380 61981 67070 
24-12-08.DAT=3C273: 5883 6484 7121 11365 11966 15859 16588 21065 21666 25477 26078 30049 30650 35720 36321 39571 40172 44470 45090 48830 55316 55917 59096 59697 64429 65030 69345 69946
25-12-01.DAT=3C144: 1658 7108 7709 10943 11544 16420 17021 21927 22528 26048 26649 30401 31002 35667 36268 41186 41787 45042 45643 49520 50121 53538 54139 58967 59568 64156 64757 68927 69528 75049 79708 83792 87535 88161 93954 94555 97714 98315 102938 103539 106930 107531 112162 112763 116930 117965 122344 122945 125984 126585 130874 131475 135832 136433 141268 141869 144838 146892 150889 155385 155986 159790 164089 164690 169784 175216 178993 183925 184526 188810 193664 197849 198450 203567 207828 208429
25-12-02.DAT=3C154: 4907 6338 6939 10340 14612 19242 19944 24258 33631 35453 41180 43078 43900 47694
25-12-03.DAT=3C175: 1753 2354 6651 7252 11619 17219 20232 20833 24957 29484 31044 36125 37149 39814 40415 43986 44587 48209 48810 55432 60875 64914 65515
25-12-04.DAT=3C196: 4302 4903 6882 7483 12338 16979 18901 20828 21429 27235 31911 32512 36438 37039 40586 41187 45873 51077 51678 55005 55606 64415 68868 74020 74621 78760 85207 85808 89596 90197 93990 94591 98179 99308 103253 110081 118353 122189 127979 128580 132167 132768 136439 137040 141328 141929
25-12-05.DAT=3C208: 2926 3527 7388 7989 12639 13240 16446 17047 21826 22427 25092 25693 30527 31128 35330 35931 40055 40656 45909 46510 50615 51216 54909 55510 65038
25-12-06.DAT=3C245: 4243 4844 9011 9612 13944 14545 18904 19505 23586 24187 28899 29500 33040 33641 38533 39134 42721 43322 47720 48321 51640 52241 56112 56713 61900 62501
25-12-07.DAT=3C254: 3090 3691 10059 12777 16328 16929 23433 24034 28150 28751 31704 37300 41944 42545 47136 47737 51645 52246 56146 56747 62081 62682 66739 67340
25-12-08.DAT=3C273: 6396 6997 12031 16092 16693 20138 20739 25128 25729 30044 30645 35421 36022 40128 40729 45753 46354 49672 50273 54450 55051 59228 59829 64341 64942 68861 69462
26-12-01.DAT=3C144: 5826 14044 14645 16370 16971 22519 23120 26160 26761 31226 31827 35431 39721 40322 45323 45924 50751 51352 71816 75388 78890 79491 83458 89189 94849 95450 99564 100165 103575 107316 107917 112544 113145 118440 121816 126742 132857 136892 141234 147918 151490 152091 157115 161774 164875 165476 176321 185306 203896 209881
26-12-02.DAT=3C154: 3074 3884 4485 7292 8864 9470 12915 13784 13675 17290 18049 18650 23183 24239 26450 28514 31090 32377 37598 40850 42394 46650 51230 56470 60983 66006
26-12-03.DAT=3C175: 2400 3008 3609 4230 7938 8539 12538 13139 16975 17576 19127 21950 22511 23112 26706 27307 31050 31651 36193 36935 41208 41809 45964 46565 50483 51084 55199 55800 59805 60933 64788 66216 69380
26-12-04.DAT=3C196: 2423 3024 8192 12411 13012 17666 18576 23157 27612 31933 36516 37117 42652 43253 46431 47032 51013 51614 55979 60996 64547 65148 69078 69679 75423 76024 79919 85075 85676 89549 93716 94317 98921 99522 103946 104547 107458 108059 112377 118240 118841 122951 123552 128080 132425 133026 137725 138326
26-12-05.DAT=3C208: 2430 3031 7334 7935 12567 13168 17310 17911 21546 22147 26473 27074 31369 31970 36687 41644 46544 50801 51402 55234 55835 65208 65809
26-12-06.DAT=3C245: 5207 5808 9731 10332 14667 15268 19595 20196 24288 24889 29126 29727 33155 33756 38860 39461 43867 44468 48194 48795 53867 54468 58483 59084 63454
26-12-07.DAT=3C254: 3977 4578 8797 9816 10417 13542 14143 16587 17188 24628 27971 28572 32321 32922 37262 42693 43294 46146
26-12-08.DAT=3C273: 1745 2346 7492 16396 21797 22398 26747 27348 30539 31140 35598 36199 40328 40929 45627 46228 50106 50707 54306 54907 59686 60287 63958 64559 69529
27-12-01.DAT=3C144: 4670 5271 12898 13499 17212 17813 22735 23336 27507 28108 38316 40900 41501 66566 67167 71982 75519 76120 79842 80443 85199 89780 95948 99919 104489 105090 109026 118945 119546 124139 143803 147042 151072 156754 165378 170214 191969 206142
27-12-02.DAT=3C154: 
27-12-03.DAT=3C175:
27-12-04.DAT=3C196: 7894 12323 17802 18403 21205 25748 31047 35699 36300 39557 40158 45130 45731 49085 49686 54994 59377 59978 66129 68882 73041 82735 87634 102498 116644 121806 125811 130756
27-12-05.DAT=3C208: 4463 9291 12826 15899 20573 27535 32021 42032 46808 50650 51251 55799 56400 69087 69688
27-12-06.DAT=3C245: 13818 15132 18920 47988 48589 49800 53454 54055 57303 58060 58661 62980 63581 73989 75184 76062 78701 79590 80966 81675 83857 85500
27-12-07.DAT=3C254: 6614 7215 10214 10815 14515 15116 19504 20105 25788 26389 29918 30519 34887 35488 39990 40591 45352 45953 49591 50192
27-12-08.DAT=3C273: 6202 10039 10640 14347 19600 44362 51192 50961 51562 54781 58954 68131 68732
28-12-01.DAT=3C144: 30596 31197 35014 35615 93000 93601 97572 98173 103101 103702
28-12-02.DAT=3C154: 22969 28538 29139 34721 33214 36205 37787 42470 43071 47062 47663 51604 56251 56852 61825 66696 69394 69995
28-12-03.DAT=3C175: 1832 2541 7759 8360 10836 29600 40367 45223 55511 59584 66040
28-12-04.DAT=3C196: 1390 1991 8149 9105 12171 12772 24213 24814 26970 27571 30677 31278 38709 41992 47904 51803 52404 56661 61754 62355 65809 70420 71021 75682 79310 84905 85506 92249 92850 98516 99117 103875 104476 107417 108018 114635 115236 118751 122689 126509 127110 132202 137397 142178 142779
28-12-05.DAT=3C208:
28-12-06.DAT=3C245: 18527 24222 28706 34410 39598 43414 48221 53647 57628 64606 67901 69310
28-12-07.DAT=3C254: 3239 4238 5100 8953 9404 13742 14663 18848 19681 23994 24695 28700 29320 32590 50569
28-12-08.DAT=3C273: 7581 8182 12966 13567 22583 32074 32675 36152 36753 41013 41614 45533 46134 50406 51007 54770 59737 60338 65013 69016 69617