15-02-13.DAT=3C144: 3274 3878 4587 14345 17533 18310 18911 19512 23370 23971 28205 33068 37749 47249 47850 54152 56153 58586 65239 72857 82674 96218 114610 115767 118934 119902 124330 129005 130178 133400
16-02-21.DAT=3C144: 6928 12475 15993 21057 21698 26448 30900 34838 35458 40142 40821 44950 46349 54575 59710 64055 68951 73191 74063 79257 88432 93445 98172 102777 107775 108290 111852 113452 115605 127843 132463 135690
17-02-22.DAT=3C144: 12030 12958 26086 26499 27203 30796 31194 36154 36760 40521 41133 46050 50105 50569 54967 55567 60239 64661 65262 70003 74670 75723 78608 79263 84761 88353 94575 98166 103037 103638 108106 113580 118126 118727 123181 124326 128409 131559 133290 138614
18-02-20.DAT=3C144: 29137 47822 51689 57528 62294 62800 67040 67940 71779 77825 80877 91283 91884 96646 100854 101455 102056 115452 116100 124325 125308 130120 130721 135035
19-02-19.DAT=3C144: 5176 11085 12275 25130 50089 51252 57957 63974 68060 68829 73961 75670 79930 82765 83366 84306 87760 88528 89129 93008 97535 98460 102464 103065 108630 111830 113020 121477 122078
20-02-20.DAT=3C144: 
15-02-14.DAT=3C154: 4291 7830 12399 18393 19004 23330 30460
15-02-15.DAT=3C154: 516 2615 6858 10634 11901 15323 19714 28688 30873 33301 33899
16-02-22.DAT=3C154: 3529 4596 8002 9223 14115 16667 19316 23140 24145 26323 27829 32178 33030 38661 40969 42771 46537 48097 50659 52317 56565 62152 64538 65769 66872 68423 69703
17-02-23.DAT=3C154: 2635 3855 7658 8874 14035 18708 22113 23148 28923 31543 32285 33470 37065 43224 45088 50282 64861 65412 66593
18-02-21.DAT=3C154: 6862 7855 8662 9327 12030 12990 17400 18268 21000 23394 28517 26023 32613 35806 36844 40977 41874 45771 46577 50211 51029 51674 55480 56145 60412 61265 65626 66226 70014 70615
19-02-20.DAT=3C154: 2462 4968 8370 11728 13097 17784 22394 23094 26057 33736 36817 37607 41712 42764 47256 50618 52542 54669 60158 61202 64377 68389
20-02-21.DAT=3C154: 
15-02-15.DAT=3C175: 39323 42720 43321 47630 48892 53204 53805 56579 58020 61925 67163 69975
15-02-16.DAT=3C175: 1506 2770 5410 11059 11660 20047 21053 21714 25410 26803 31780 34679 37425
16-02-23.DAT=3C175: 1393 2106 6175 11339 15329 17328 20089 22085 25748 26568 29944 30915 31516 34215 36182 39440 40814 44160 48397 49423 50024 55321 59236 63734 68303
17-02-24.DAT=3C175: 1629 2448 3267 7328 7765 11689 12715 13690 15914 16858 25830 26555 30849 32180 35266 35867 36998 40540 41336 45525 46414 49925 54130 54731 55332 60048 60818 65400 70008
18-02-22.DAT=3C175: 1800 2415 6370 7125 7972 11219 16351 17030 20416 21023 21810 25864 26465 27066 31454 34482 39329 40100 40701 48330 50400 53102 53703 54304
19-02-21.DAT=3C175: 2410 3881 8224 11770 16031 17567 20805 22945 27159 28067 30829 32012 35173 41669 44564 47002 54245 56527 64560 65577 68835
20-02-22.DAT=3C175: 
15-02-16.DAT=3C196: 35716 37801 41200 42050 44596 45800 46647 60027 60628 61229 63729 64330 64931
15-02-17.DAT=3C196: 6487 10790 10391 12292 15797 16749 20203 21451 22500 27470 32364
16-02-24.DAT=3C196: 4324 7598 13083 21009 26513 27451 32420 35362 39581 50001 51620 54304 60109 62098 66425
17-02-25.DAT=3C196: 7681 8620 9451 11935 17781 18523 23033 23778 27049 31274 36276 37025 41387 42167 45627 51413 55577 57074 60029 60984 61585 63939 65861 69271
18-02-23.DAT=3C196: 2309 3156 4591 7799 8401 11275 12173 13154 16247 16850 21456 22073 25333 30099 35547 40233 40834 45297 46046 49496 50850 54888 55874 59055 60177 65464 69697
19-02-22.DAT=3C196: 1550 11562 26091 27479 31076 40180 41798 45073 45925 51420 54199 56325 56926 61855 65075 69689
20-02-23.DAT=3C196: 30795 31260 32298 36164 37377 40725 41326 41927 46433 47034 47635 50526 51127 51728 55641 56979 59960 61337 65087 65688 69865 70655
15-02-17.DAT=3C208: 
16-02-11.DAT=3C208: 
17-02-26.DAT=3C208: 
19-02-23.DAT=3C208: 
16-02-11.DAT=3C245: 
16-02-12.DAT=3C245: 
17-02-11.DAT=3C245: 
18-02-11.DAT=3C245: 
19-02-11.DAT=3C245: 
21-02-11.DAT=3C245: 
16-02-12.DAT=3C254: 
16-02-13.DAT=3C254: 
18-02-12.DAT=3C254: 
20-02-12.DAT=3C254: 
16-02-13.DAT=3C273: 
16-02-14.DAT=3C273: 
17-02-13.DAT=3C273: 
18-02-13.DAT=3C273: 
19-02-13.DAT=3C273: 
20-02-13.DAT=3C273: 
21-02-13.DAT=3C273: 
16-02-14.DAT=3C280: 
16-02-15.DAT=3C280: 
17-02-14.DAT=3C280: 
18-02-14.DAT=3C280: 
19-02-14.DAT=3C280: 
20-02-14.DAT=3C280: 
21-02-14.DAT=3C280: 
16-02-15.DAT=3C295: 
16-02-16.DAT=3C295: 
17-02-15.DAT=3C295: 
18-02-15.DAT=3C295: 
19-02-15.DAT=3C295: 
20-02-15.DAT=3C295: 
21-02-15.DAT=3C295: 
16-02-16.DAT=3C303: 
16-02-17.DAT=3C303: 
17-02-16.DAT=3C303: 
18-02-16.DAT=3C303: 
19-02-16.DAT=3C303: 
20-02-16.DAT=3C303: 
21-02-16.DAT=3C303: 
16-02-17.DAT=3C336: 
17-02-17.DAT=3C336: 
18-02-17.DAT=3C336: 
19-02-17.DAT=3C336: 
20-02-17.DAT=3C336: 
21-02-17.DAT=3C336: 
