23-11-10.DAT=3C9: 1245 1846 5101 5702 10209 10810 14850 15451 20362 20963 24788 25389 29579 30180 34193 34794 39179 39780 45184 49027 49628 54245 54846 60206 60807 62736 63337 68026 68627 73091 73692 78244 82164 91975 96122
23-11-12.DAT=3C144: 39995 44547 49138 49739 54339 54940 58989 59590 64461 68305 68906 72747 73348 78174 82374 82975 87752 91928 92529 97749 106985 107586 111599 112200 116453 117054 121384 125630 130929 135502 140267 145040 150214 154475 155076 159328 164556 169184 173451 174052 178000 182274 187738 192331 192932 197511 198112 203014 207124 207725
24-11-09.DAT=3C154: 1372 2315 6732 7358 11823 12427 15777 20324 20925 21754 25200 30162 30763 34917 35718 39580 44220 49126 49757 54247 54848 59125 59726 63818 64419 69830
24-11-10.DAT=3C196: 14048 14649 19821 20422 23769 24370 28763 29364 33652 34253 38512 39113 43958 48952 53149 53750 58017 58618 62811 63412 67121 67722 72312 76940 77541 81353 81954 86076 86677 91278 91879 96199 96800 101575 105604 106205 110495 115009 115610 119790 120391 125894 126495 130150 130751 135200 139954 140555 143956 148404 158494 159095 163449 164050 168310 173504 177778 178379 183145 183746 187410 188011 192318 192919 197210 197811 201547 202148 206874 207475
24-11-11.DAT=3C254: 1077 1400 5180 6363 10112 10715 11421 15186 15787 20115 20716 21317 25149 25750 29706 34471 35072 39490 40012 44289 44890 49190 49790 53763 54364 58566 59167 63137
24-11-12.DAT=3C273: 3470 7678 11431 16894 17756 27261 31177 41124 44178 49078 54694 56034 60013 61009
24-11-14.DAT=3C9: 908 1509 5302 5903 10280 16398 20177 20778 29709 34518 35119 39293 39894 44233 44834 49407 53929 54837 58918 63080 64520 72922 77652 83412 88399 89000 92746 97389 102292 102893 107014 107615 111375 116490 120815 121416 125859 126460 130860
24-11-16.DAT=3C144: 480 4705 5306 9512 14418 15019 19296 23192 29025 29626 34315 38655 39256 44091 44692 48938 49539 53490 54091 58462 59063 62830 63431 67661 73104 77201 77802 81965 82566 86698 87299 91768 92369 96513 97114 101043 101644 106044 106645 110608 111209 116498 120292 120893 129492 130093 134725 135326 139545 140146 144574 149390 149991 154446 155047 159557 163674 164275 168447 173401 177534 183088 187559 193228 198032 202511 208046
25-11-09.DAT=3C154: 1597 2831 6227 7036 10308 11310 17212 20915 21516 26042 29975 30822 34598 35499 40000 40601 41382 45221 45822 49098 50952 53042 54598 59462 63896 64497 68795 69936
25-11-10.DAT=3C196: 936 6117 10892 16087 16688 19950 24778 34354 38979 44207 44808 45409 49079 49680 53773 54374 58574 63943 67967 72979 73580 77893 82882 88409 92397 92998 96613 97214 101543 102144 106198 106799 111199 111800 116082 116683 120576 121177 125691 126292 130935 134919 140379 144767 150470 151071 154835 155436 159514 164939 165540 169205 169806 173833 174434 178971 179572 183266 183867 188930 194005 198052 203688 204289 208014 212035 212636
25-11-11.DAT=3C254: 2264 2894 5908 6509 7110 10987 11588 12189 15370 15971 20370 20971 25036 25794 30141 30742 35404 36005 40260 40960 44957 45960 49701 50400 54614 55743
25-11-12.DAT=3C273: 77956 80986
25-11-13.DAT=3C9: 3146 6688 7289 11949 16321 16922 20885 21486 26244 30746 35382 36590 40536 49760 50361 54895 59514 65149 69072 69673 74506 75107 79495 84217 88983 93850 98470 99071 103286 103887 107999 112683 113284 118207 118808 123589 127030 127631 131999 136875 140743 141344
25-11-15.DAT=3C144: 5566 6413 9764 14957 19501 24907 29750 34750 38774 43669 48775 54241 58741 62954 67179 67780 72738 77550 78066 82224 82964 87527 92126 92727 96886 97698 101269 102025 106171 110974 116255 121290 125566 130524 135367 140418 144942 150010 154821 160436 164515 168764 173993 178513 183899 188687 192872 198582 203346 207799 212351
26-11-09.DAT=3C154: 4121 4722 5428 8580 9191 18548 19749 23319 23920 28150 28751 33292 33893 38184 38785 42838 43439 47730 48331 52312 52913 56931 57532 62111 66966 66696 67567 70908
26-11-10.DAT=3C196: 3749 4350 8760 9361 14047 14697 18680 19621 23318 23959 28770 33462 34128 39111 39127 43190 43898 48515 52594 53629 57444 58286 61306 62239 66160 71549 76639 81469 82422 86472 87122 90995 91771 95570 96180 100203 104407 105207 109604 114398 118973 119677 124390 128535 133526 134381 138148 139179 143620 148800 153414 154174 158429 159224 162571 163696 168298 169416 172319 177305 181962 183096 187836 192252 196382 202224 206928 210987
26-11-11.DAT=3C254: 255 1028 4810 5956 8720 10037 13949 15062 17796 18492 19145 23515 24482 29079 33447 34130 34960 38141 38855 42230 43074 47510 48110 48710 66885 66883
26-11-12.DAT=3C273: 3048 6599 7735 8614 12588 13775 17617 18541 23390 27651 31874 32812 36318 37341 41793 42628 46984 47585 49664 55545 56681 61597 64473 68860
26-11-14.DAT=3C9: 2397 6929 7509 8177 11658 12300 13181 16236 17146 22467 26297 27157 31108 35625 36226 40199 44373 46017 54904 55600 59728 60628 65276 65880 70430 74231 78038 83417 84380 94207 94808 98330 104400 104500 108296 109000 112337 113465 117780
26-11-17.DAT=3C144: 1014 6568 8003 10766 11953 15759 16808 20188 21155 25530 29383 34910 40295 45036 45700 49792 54352 55621 58672 59501 64604 69191 73130 74136 78405 83735 87650 83533 97745 102269 106865 107839 111769 112436 117018 122337 126648 127742 136830 140863 141798 146873 150765 151571 155820 156783 159684 164433 169213 175117 179287 183718 188824 193643 198352 203187 204000 208231
27-11-09.DAT=3C154: 973 2038 6716 11975 17055 21905 25741 26758 31459 32303 35931 40467 45226 49762 50822 55381 59999 61016 64652 68666 69734
27-11-10.DAT=3C196: 1294 2425 6691 11380 16569 20697 21443 25976 26910 30500 31274 35363 36156 40488 41325 45056 45893 49926 50983 54855 55582 59745 64498 68814 69722 74015 74875 78963 79682 83896 88276 89281 93613 94285 97890 98900 103063 107545 108558 112195 113075 117340 118476 122258 127458 128173 132289 133204 136786 137988 141472 142297 146425 151881 156075 156958 160890 161844 165529 166314 170796 171526 174853 176023 180469 184570 185854 189550 190445 194892 195826 199856 203870 205170 209180
27-11-11.DAT=3C254: 2583 3637 8278 11365 12753 17157 18333 21365 22824 26745 28146 31240 32876 37158 41488 42443 45715 46978 50808 51791 55716 56962 60462 61382 64646 66365 69315
27-11-12.DAT=3C273: 1513 2383 7284 10930 12240 21465 22100 29980 31263 35939 36788 40872 41552
27-11-14.DAT=3C9: 3457 5739 10469 12001 14651 20878 26367 28977 30012 34450 35497 39556 40350 44512 45365 50308 53586 59059 64315 65373 68678 69436 74534 77915 83328 88379 92742 93816 98705 101915 106673 107459 112841 117244 118243 119940
27-11-17.DAT=3C144: 1588 6175 10753 16155 20630 24970 30597 34855 36308 39128 40399 43896 49412 53356 57744 59487 63486 68294 74068 79398 82733 83961 89176 93627 97873 102581 107385 111305 112339 116074 117206 121174 121978 126176 131059 134452 135906 139570 140765 145623 148819 155183 160207 163096 168733 173026 180192 183942 189767 193191 198238 202352 203362
28-11-09.DAT=3C154: 3861 9185 10419 13758 14774 19173 20360 24309 25125 28676 29862 33327 34403 38542 39456 43492 44280 47863 48982 52750 53523 57338 62379 67283 68158
28-11-10.DAT=3C196: 1173 2489 5988 7086 10863 11767 15572 20677 22032 25453 26832 30121 31303 35472 36320 40418 41707 45293 46324 49467 50450 55186 54116 59574 60259 64155 65078 69117 70279 74004 74730 78416 79462 83786 88851 89747 92912 93765 98015 101812 102630 106755 107472 112020 112755 117080 121331 122391 126630 127706 131483 132246 135960 136606 140641 141616 145483 146504 150731 151592 155432 156653 160097 161244 165165 166011 170234 170856 175052 179502 180269 183858 185075 189509 190296 194500 195439 198390 199137 203063 204073 208977 209736 209252 210195
28-11-11.DAT=3C254: 2620 6667 8060 10980 12315 16217 17634 21053 22293 26034 27011 30544 31702 26038 26901 30493 31568 35909 40380 41452 45224 46154 50028 51226 55147 55884 58821 59590 64308 65674
28-11-12.DAT=3C273: 1931 6957 7656 26568 31077 34725 36533 39866 44851 50381 55346 60405 64348 68841
28-11-14.DAT=3C9: 4922 10192 10707 14037 14950 18854 19822 23951 24782 28631 29355 33578 34330 38533 39264 43083 44260 48306 53796 57586 62250 63077 67697 68555 71666 77127 77728 82374 86559 87569 91178 92123 96664 97365 101250 102025 105752 107143 111203 115859 117032 120602 121417 125203 126277 129776 130996 135692 136386 139060
28-11-17.DAT=3C144: 6251 10714 11083 15157 20366 24275 29189 30222 34964 39549 43622 53675 59183 62813 63618 67849 72909 77910 78778 83143 87476 87979 92347 96472 101709 106196 111141 115533 120856 125582 131137 134888 140400 145695 153810 158978 164269 165314 168520 169525 174695 179252 183629 188846 193379 197571 202611 207521 212121
29-11-09.DAT=3C154:
29-11-10.DAT=3C196: 3133 4045 8404 9367 12916 14266 18056 19493 23015 23730 28056 28913 33027 33710 37591 38373 41882 42589 47268 47911 51618 52321 57256 58041 60864 62052 66533 67359 71385 72053 75803 76616 80257 81220 85424 86384 89807 90438 95196 95965 99787 105263 106045 109246 114071 118962 120068 123657 124801 128963 129717 133933 134790 138988 143361 148659 153708 158604 162465 167408 172667 173689 177045 181981 186769 191629 196410 197207 201712 206595 210874 211675
29-11-11.DAT=3C254: 4379 5119 9192 10514 14012 15503 19029 19934 23893 24810 28800 38358 39357 43056 43843 48140 53316 56982 57908 62209 62724 67067 67982 67454
29-11-12.DAT=3C273: 3560 4420 12677 17788 18799 27700 41203 42273 51417 56991 61655 62278 65676 66558 68429
29-11-15.DAT=3C9: 6310 11165 11967 16005 20315 25331 25885 30211 30745 35647 39875 40837 45359 49629 54445 59049 64150 64914 68961 69648 73298 73781 78440 79214 83249 84129 88222 93168 97147 102192 107020 111793 116318 121280 122136 126006 131023 137728 140384 141052 144744 145447
29-11-18.DAT=3C144: 3759 8617 9723 13837 15101 17852 19088 23163 28272 33197 38303 41834 46408 57253 61954 66591 70803 76125 80582 96308 99351 104437 109531 118940 123872 129238 133576 138253 143098 147653 153121 157656 162356 167407 172147 176670 171775 191030 196254 200848 206265 210432
30-11-09.DAT=3C154: 3137 4689 10408 14025 18475 23366 24890 28715 33423 38134 42951 48642 52417 57704 61745 66339
30-11-10.DAT=3C196: 3962 4910 8909 9688 14041 14761 19374 20455 24238 24907 29288 32953 38938 43826 48026 52997 56953 57806 61735 66128 66830 71621 72561 76592 81630 86026 90592 91736 95492 96215 100588 101331 105024 110797 115607 120255 125092 125902 129846 130560 134066 134923 139845 144440 148766 154255 158455 164130 168947 173788 178177 182845 187178 191933 196833 200845 206502 211430 
30-11-11.DAT=3C254: 518 4156 5389 8918 14045 15453 18552 19572 13574 15100 18552 19541 23377 28814 33266 38001 38994 42677 43615 47730 48879 52692 57391 62205 67159
30-11-12.DAT=3C273: 7971 13286 17768 22518 27310 28112 32162 33160 36833 41881 43075 46308 51930 56385 60604 61519 65970 69546
30-11-15.DAT=3C9: 2949 8188 12462 18665 22383 23296 27264 28209 32229 33068 37103 37942 41863 46796 51356 56857 61127 65766 66786 70981 71816 75863 76682 80674 81458 85611 86262 90595 95131 95833 99707 104495 105589 109553 113871 114655 118792 119615 123689 124673 128367 129116 133331 137644 142922 143970
30-11-17.DAT=3C144: 1132 6294 10810 16350 20870 25729 29974 35250 39821 44609 49354 54169 59047 63961 69092 73588 78514 83235 87850 93299 98015 103075 108005 112112 117490 121979 127235 131381 136480 141205 146162 151120 156360 160467 165156 170787 174933 179489 184658 193962 198189 202878 207442
01-12-09.DAT=3C154: 1600 2147 6069 7397 11304 15921 20397 25378 30279 34945 40313 44440 49641 54030 55294 59410 60387 64794 68621
01-12-10.DAT=3C196: 2120 6420 7229 10945 12142 15702 16530 20980 21867 25842 26541 30500 34558 35720 40096 41053 45040 46147 50511 55044 58995 59933 64466 65286 69097 69818 73865 74701 78507 79481 83362 87985 93185 98436 102701 107383 107317 111998 112905 116476 117614 121601 126325 131604 136333 140878 145685 150465 151454 155500 156360 159868 161104 165083 169667 170330 173900 180283 183995 189105 194387 199461 204556 213015
01-12-11.DAT=3C254: 2002 6490 11759 17141 21260 26141 30969 35522 39866 44993 49904 54724 59230 64310 68462 69784
01-12-12.DAT=3C273: 1901 5839 11530 16658 21196 26171 26982 30579 31359 35416 40871 45846 50227 55087 59409 64281 64954
01-12-13.DAT=3C9: 13979 18276 23563 28802 32443 38044 42639 48574 52506 57592 61979 66425 71327 76189 82073 86543 90788 95914 101330 106742 109162 114447 118985 123502 129287 133227 138686 143101
01-12-15.DAT=3C144: 998 2070 6072 10568 15839 20445 26034 30114 35644 39729 41135 44655 50366 54560 59804 63638 68647 72997 78246 82859 88460 93206 98023 102570 107740 112831 117307 122505 126875 131661 136929 142204 146876 151505 156412 161331 166128 174866 179777 174480 189046 193652 198982 203878 208080 
02-12-09.DAT=3C154: 2431 7270 12130 13133 16556 17703 21655 22450 26500 27500 31150 31950 36370 40023 45632 50297 55422 60075 65255 69031
02-12-10.DAT=3C196: 2525 6769 7701 11900 12553 16660 17670 21394 22185 26570 27513 31057 31946 36080 36887 41280 46080 50474 55321 56237 60262 61331 65098 65848 69060 70238 74229 74679 78794 79683 83708 89009 93673 98070 103563 107749 112686 113477 117721 117767 122400 123133 126868 131664 132945 136770 137823 141582 146872 147412 152040 156802 161418 165908 170606 175439 180466 184206 185349 189535 190361 194562 195549 199640 200546 204124 209421 212786
02-12-11.DAT=3C254: 1861 3149 6524 8024 11530 12869 16352 17791 21571 26425 30997 35243 40933 46116 50306 55952 59555 65329 68188
02-12-12.DAT=3C273: 2303 6669 11276 12170 16940 20868 25773 30778 35829 40343 41556 45755 50522 54862 56355 60276 61272 64751 65672
02-12-13.DAT=3C9: 1719 6550 12145 16524 21252 26394 35156 40298 50786 55306 60271 65303 69489 74215 79800 95088 103071 107882 113469 118052 123017 127801 132042 137255 141199
02-12-15.DAT=3C144: 2818 8119 13183 18372 22862 27723 32304 38367 42378 46800 50847 55923 65542 70271 74882 80231 84599 89001 94634 99708 104272 108671 118147 123086 128066 132920 142684 147390 151494 157700 161769 167951 176474 181800 186266 194785 206748 210743
03-12-09.DAT=3C154: 1230 6378 10810 16526 20804 25954 31400 36000 40710 44840 51027 54994 56000 60046 65362 69917
03-12-10.DAT=3C196: 1734 7552 12106 17295 21860 26260 31331 35531 41462 46833 51410 56034 60701 65666 69909 74391 79341 85297 89150 93817 99089 103183 107759 113169 118201 123135 128480 132528 136913 141399 146938 152222 157234 162070 166364 170984 176009 180302 185181 190945 195172 199387 205268 209082 214140
03-12-11.DAT=3C254: 2689 7991 8769 12645 17024 17989 21837 26948 32051 36982 42024 46907 51757 55813 61099 64515 69300 69169
03-12-12.DAT=3C273: 5137 6154 9756 10903 14952 15895 20388 25561 30168 34968 39543 44716 49272 59861 64001 68447 74252 73389
03-12-13.DAT=3C9: 5873 10750 15219 20131 24914 29842 34754 38651 44284 49428 53242 58915 63608 68014 73608 77634 82994 87416 91740 96946 101482 106594 111102 115658 120844 125741 130778 135168 140238 144397
03-12-15.DAT=3C144: 3494 7624 13315 18762 22484 27173 31883 36220 42083 46513 51123 56232 61639 66222 70848 75222 80681 85456 89728 94621 98732 104371 109657 113654 119313 123322 133525 138649 143279 154114 158689 163263 167555 173442 177372 182438 186435 190495 201283 205780 210008 214094
04-12-09.DAT=3C154: 4595 8345 12860 17588 22671 27792 32201 37264 41649 45904 51357 54969 55694 59993 60600 65367 66352 69793
04-12-10.DAT=3C196: 2777 6952 7785 12302 13163 16700 17707 22015 22750 26450 27322 32192 36213 37263 40966 41728 46575 47190 50640 51465 54759 55569 60601 64488 65204 69520 74260 74889 79489 80090 83895 84807 89457 94041 94823 98986 102630 103778 108404 109418 113624 117815 118699 122783 123746 127210 128353 132689 137788 142249 143283 146208 152017 156943 161436 162823 166471 171751 175603 180662 181664 185851 186818 190910 191661 194770 196216 200234 201020 205364 209817 210765 213764
04-12-11.DAT=3C254: 2550 3447 7447 8304 12104 13064 17654 18381 22350 26838 27625 32396 35999 37356 42048 45868 46827 50871 51795 56157 60696 61664 65393 66852 68744
04-12-12.DAT=3C273: 5699 10288 11345 15339 16283 19579 20993 24697 25778 29728 30778 33871 35026 39027 39983 43761 44706 49854 54192 55053 58440 59219 63244 64278 67822 68570 67839 68551
04-12-13.DAT=3C9: 2702 3608 8108 9632 13434 17945 19076 22504 23784 27752 28540 32389 33504 37231 38247 42443 46415 47337 51970 52860 56765 57998 60744 61713 66031 66928 70968 71685 75250 76393 80333 81243 85080 86432 90238 91313 94201 99346 103861 109019 114227 118656 138662 141030
04-12-15.DAT=3C144: 1835 6326 7391 11307 12043 16038 17170 21082 24391 30822 36074 40703 45999 50019 55400 59039 64380 69064 73975 78424 83049 84812 88599 92523 98068 102286 108485 111218 115448 116502 119893 125599 130518 135633 140497 145036 145944 149962 154928 160360 163700 164535 168851 169787 173386 178653 179518 184324 185228 187742 189062 192289 194020 198528 203400 208440 211690
05-12-09.DAT=3C154: 1045 2053 6763 10779 12040 15552 20314 24487 26675 29879 34648 35629 40116 44591 45657 49936 54470 55156 59039 60106 64126 64922 68140 69069
05-12-10.DAT=3C196: 2321 5114 6190 9964 11231 14889 16093 20336 21473 25331 26617 29480 30786 34985 39710 40980 44929 45541 49140 50199 53340 54370 57653 58261 62362 63343 68213 72678 74462 78764 82535 87293 88467 91900 92979 96722 101440 106373 107237 111432 116004 116959 121016 126063 127471 131099 132189 135916 136884 139953 144727 149104 153921 158989 163719 165349 168402 170305 174008 175080 178211 179904 183128 184948 188640 194416 198592 204008 208524 211770
05-12-11.DAT=3C254: 2388 6083 7050 9917 11276 16545 20446 21391 25747 26664 30150 30992 35268 35994 40094 40836 44828 45530 50093 51162 54804 55654 59654 60520 64516 65322 69007
05-12-12.DAT=3C273: 4551 5722 9236 14251 15262 18989 20180 24284 25137 28985 39035 44230 49434 54124 58806 62957 63987 68023 68801
05-12-13.DAT=3C9: 3484 7467 8489 12942 13990 18043 22646 26430 27417 31793 32677 36767 41768 42524 45998 46794 51234 51931 56025 61543 65833 71292 75450 80105 80767 85631 90072 98736 103769 108643 109411 114328 115233 118371 123755 129350 131455 134044
05-12-15.DAT=3C144: 1940 6406 7440 11766 12444 16104 16992 21456 22357 25741 27145 30375 35070 35865 41038 46082 50809 55837 59984 63852 69390 73323 78278 83825 89367 92867 97600 103312 108757 113410 117917 125947 127456 132100 133180 137440 141983 169867 174311 179404 180308 184678 189414 194671 199078 203687 204570 209120 212787
06-12-09.DAT=3C154: 1109 5836 6955 10965 11775 15874 21143 26114 30384 31302 35687 39674 44475 49616 54845 59821 65025 68156 69308
06-12-10.DAT=3C196: 1950 2923 6402 7281 11553 12638 16163 16874 20973 22359 26677 27399 30948 31826 36293 37300 40392 41708 45682 49742 50816 54259 54927 59381 60115 63937 64503 69879 70481 74010 74654 78636 79503 83395 84160 88541 89380 93128 94116 98308 99156 102930 103618 107948 112250 117782 118583 122623 123439 127250 128077 131181 132087 136401 137396 141671 142546 145907 150397 151322 156062 156803 160813 161383 165638 166360 170112 171108 174828 175793 180282 181005 184850 185877 189387 190550 194403 195407 198823 200080 203824 204827 208310 208973 213295
06-12-11.DAT=3C254: 1654 3119 6554 7584 11685 12435 16552 21278 22101 25719 26517 30777 31860 36326 40650 45951 50072 51062 55053 56562 58366 64138 68705
06-12-12.DAT=3C273: 1917 6537 7779 11931 12945 16459 17364 20841 26623 30834 36066 36929 41240 45505 50357 56069 60034 64425
06-12-13.DAT=3C9: 2552 3858 6664 8462 12622 16655 22247 27963 31559 36314 41997 46907 51229 55965 57135 60906 62098 65891 66879 70416 74881 78869 83525 88590 94082 94805 98636 103479 108689 113853 118454 123320 128210 132979 138538 141607
06-12-15.DAT=3C144: 3758 8655 14097 18858 23323 27437 32572 38135 42288 46995 51436 57319 61336 67051 76078 81400 85596 90536 95269 100299 104791 109540 114172 119346 124325 128595 132865 138814 142605 147884 153213 157873 162630 166962 171820 176336 182573 186898 191764 196291 201126 205041 210172
07-12-09.DAT=3C154: 3047 7697 12249 16961 22278 27134 31472 32330 36098 41216 45913 50629 55575 59878 65343 69476
07-12-10.DAT=3C196: 2810 4123 8001 13207 18168 22770 27299 32131 37720 42204 46570 51269 56221 60278 65364 70915 75379 80211 84366 89658 94830 99575 104403 109148 113855 119093 123522 128380 133222 138415 142801 147311 152037 157029 161786 166809 171215 176202 181096 186299 191256 195384 199992 204957 209972 214020
07-12-11.DAT=3C254: 2714 7233 12258 17067 22315 26438 27684 31902 35861 41547 46270 50927 55673 59891 65621 68704
07-12-12.DAT=3C273: 1638 5597 9847 15002 19349 24318 29748 30676 34127 39321 44351 49517 54348 59273 64428 68097
07-12-13.DAT=3C9:
07-12-14.DAT=3C144: 5492 10339 14522 20567 24973 29839 30994 34436 38998 45133 47822 52719 57484 63349 68746 73543 78288 82815 88395 92727 97699 103107 107822 111986 117402 120977 126674 131794 136961 140165 144399 150296 154908 159654 164672 169547 174920 178932 183189 188844 192953 197254 202319 207970 212842
08-12-09.DAT=3C154: 568 7078 10821 14205 20028 26157 29982 34252 39783 43686 48429 53640 59046 63008 67352 68296 68130 69235
08-12-10.DAT=3C196: 5399 9615 10253 14206 15160 20181 23568 24866 28761 34314 39034 43262 47278 48126 53339 58134 63080 66565 72051 76157 80866 86685 90650 96645 101420 105447 109776 111083 115935 119264 119964 125184 129853 134077 139696 143822 149078 153975 158909 163668 168099 173190 177546 178450 172802 183675 187131 187925 192008 193306 197146 201432 206047 207736 211330 212194
08-12-11.DAT=3C254: 723 1817 4827 5666 10294 10875 14851 15748 18869 24035 24738 29088 29713 34051 39057 43497 48187 49440 53302 54208 58187 62799 63777 68211
08-12-12.DAT=3C273: 2876 6944 8211 12770 17181 21849 22750 27181 31728 32727 36338 37371 40920 41845 45831 46755 50791 55967 60147 61380 65022 69784 79573 93957
08-12-15.DAT=3C9: 2345 3622 6899 7981 16726 21323 26552 27474 31477 36352 40839 45811 50483 55990 60192 64027 69851 73999 78893 83720 88555 93109 98429 103483 108291 113407 117703 122753 127310 132123 137275 141298
08-12-17.DAT=3C144: 1026 6047 10687 15248 20260 25154 30009 30890 35370 36255 39704 44320 49070 54156 59066 64242 68761 73639 78545 83357 87731 92664 97516 102441 107653 112105 117175 121199 126322 131466 136300 140045 146318 149959 154912 159873 164853 169861 174384 180073 184403 189411 193444 198362 203507 207211 212677
09-12-09.DAT=3C154: 2185 6548 13073 16690 20990 26535 30683 36661 40285 44875 50396 54853 59713 64491 69204
09-12-10.DAT=3C196: 2611 6041 7169 10324 11913 16613 17324 21829 24757 29602 30422 34525 35501 40416 44371 45324 50012 54779 58960 59804 64012 68764 73667 78516 82728 87632 92856 97341 102409 106383 107148 111400 112103 117131 121090 122011 127781 131721 136503 141504 145869 150156 150831 154747 155676 160068 160974 165245 166330 168872 170105 173923 174833 178835 179834 183894 185152 189199 190301 193980 194791 198597 199675 204067 205117 208720 209517 212976 214038
09-12-11.DAT=3C254: 2268 3465 7078 8186 11655 12888 16091 17617 21191 25931 27367 30593 31588 36454 37335 40952 45435 46489 49985 50886 54635 59302 60468 64440
09-12-12.DAT=3C273: 1486 2098 6388 7066 11520 12425 16309 17101 21251 22007 25681 26457 30576 35416 36157 40267 41090 45271 46195 49807 50661 54662 59716 60337 64666 65555 69583 74295 78955 84201 88799 89727 93697 94840 99079 103337
09-12-14.DAT=3C9: 5063 9593 10793 14454 15678 19749 20417 24835 25842 30021 34946 40258 44023 48083 52291 57074 61207 61946 67871 72239 78085 82887 87115 92054 96547 97138 102612 105362 112056 115963 120777 125642 130530 134679 135356 138726 139497 143470
09-12-17.DAT=3C144: 1173 6011 11025 15950 18005 20298 25846 35103 39294 40059 44012 48418 53413 58628 65524 68515 73642 82291 83359 87582 88783 92448 94008 97501 98909 101810 104091 107620 112747
10-12-09.DAT=3C154: 357 7617 12069 16348 20360 21057 26194 30898 34946 35907 41337 44003 50096 55887 60096 64878
10-12-10.DAT=3C196: 2028 2943 6470 7615 11529 15901 16721 20964 25593 28995 29921 34781 39000 45660 50544 54372 58250 59100 63373 68158 78331 83780 88077 88683 94679 98617 102484 105934 111657 112384 115813 116661 121173 122353 126271 131846 135155 135752 141163 145718 150300 154847 159195 165246 168430 173981 178122 179423 183685 184896 189865 193354 198065 203788 207370 209234 212569
10-12-11.DAT=3C254: 1889 3005 6617 7825 11559 15382 16478 20473 21553 25992 26722 29998 31032 35495 40905 45606 49459 54511 58072 59020 63604
10-12-12.DAT=3C273: 1716 7382 11315 16981 21545 25011 30496 35270 41019 41989 44943 45918 50332 51369 55313 56463 59762 64825 69138 74326 78987 84790 89325 94744 98352 102793
10-12-14.DAT=3C9: 2215 7307 8352 12078 13050 17143 18219 21684 22901 26752 27556 31352 32632 36674 41013 45870 46717 50966 51649 55023 56338 60806 64181 65417 70092 74551 75554 78628 83728 84559 88913 89810 93279 94539 98815 103244 108819 109900 113481 117563 123072 127761 132463 136872 137835
10-12-16.DAT=3C144: 32378 37204 40998 42007 46400 51141 56268 60978 65871 69485 76177 84333 93759 99180 104780 108728 112972 119073 124323 129630 133264 138826 142166 147188 153161 158367 161970 166878 172346 176708 185286 190714 195564 201134 205425
11-12-09.DAT=3C154: 40824 42218 45427 51674 54247 60169 61243 64811 65740 69964 70976 74747 75830 79549 80697 85725 89614 90320 94396 99200 103301 104531 108042 108948
11-12-10.DAT=3C196:
11-12-11.DAT=3C254: 5755 7113 10385 11295 14847 16167 20176 20981 24795 25646 30194 31416 34477 35633 39564 43964 44745 48836 49953 54345 55196 57366 58424 63156 64062 68267 69450 68546 69584
11-12-12.DAT=3C273: 3311 4620 7977 9012 13330 14037 17436 18261 22578 23442 27799 28615 32319 33152 37356 38395 42091 43092 43408 46397 46987 51875 52360 56369 57123 60534 61788 65891 66840 71111 71861 74956 81188 86471 90949 96223 99549 105238
11-12-14.DAT=3C9: 4290 5301 9266 10050 13968 14772 18811 19650 23775 24879 28661 29609 33687 34530 38304 39123 42796 43650 47916 48794 52040 53172 56997 57941 62085 66799 71970 72688 76844 81160 85797 90659 91857 94897 100298 105207 109789 114784 115838 119857 121106 123845 128712 129570 133933 138777 141956
11-12-16.DAT=3C144: 2961 7344 11902 16448 21607 26165 30634 34985 40409 45276 50044 54575 59531 64066 69381 74517 79223 84011 89012 94208 98169 103024 108206 112546 117000 122247 127836 131320 136058 141112 146138 150575 155773 161194 165147 168999 183047 187980 193213 198907 203789 208440 213121
12-12-09.DAT=3C154: 2341 5350 11051 15769 20018 25667 30299 35041 39849 44982 48964 54222 58800 63197 68909 69112
12-12-10.DAT=3C196: 73042 73562 76974 77460 81586 82676 86631 91340 92137 95886 101435 102270 105753 110756 111759 115660 116293 120799 112545 124391 125387 129464 130264 134130 134919 139030 139929 150097 154627 155720 159047 163413 164845 168739 173323 177490 178411 182594 187713 192957 197862 201489 206296 210861
12-12-11.DAT=3C254: 1592 2173 4884 5860 9622 10435 14228 15088 19627 25752 29952 33819 39952 44058 49094 53914 58669 63567 68408 68437
12-12-12.DAT=3C273: 3776 8150 14163 17725 24011 27998 33813 37452 41728 47175 51799 56914 62138 66840 70554 75657 82038 86900 90375 95955 100025 105284
12-12-14.DAT=3C9: 3927 8454 13380 17889 23392 28049 32990 37268 42171 47132 52386 56281 61457 66394 70864 75560 80825 85450 89779 95536 100321 104970 109795 113768 118530 123628 127804 133526 138101 142262
12-12-16.DAT=3C144: 2142 6285 12060 16554 17577 21481 25611 29760 34777 41201 45804 49699 54013 58514 63477 68056 74757 78895 83736 88460 92375 97572 103042 117276 122157 126920 132575 142127 151305 156049 160150 165571 170377 174874 180387 189116 193125 199850 207594 213408
13-12-09.DAT=3C154: 2667 7256 7940 10901 11811 16272 20640 25706 30476 35656 40641 45520 50114 55064 59408 68142
13-12-10.DAT=3C196: 1379 5681 11617 15461 20271 25890 31368 35897 39335 44028 48918 53859 59032 63467 67898 72801 78705 82476 87715 92983 97855 103544 106291 112066 115606 125667 130649 134924 141226 145935 150607 155414 161161 164888 169812 174509 179522 184183 189931 194270 199128 203704 208639 212965 213028
13-12-11.DAT=3C254: 1348 2218 5843 7200 10790 11928 15426 20353 25004 29627 34372 39280 43494 48117 54351 58604 62382 66878
13-12-12.DAT=3C273: 699 1779 5753 10586 15437 20043 24649 31286 34177 40615 44600 49678 54065 59555 64038 68476 73308 78262 82900 87798 92228 97037 102002
13-12-14.DAT=3C9: 3501 7549 12462 17226 18813 22514 27240 33100 36672 40848 46583 50896 55411 59190 64418 69390 74689 80245 84448 89116 94263 99067 102950 108647 113275 118640 122785 127772 132876 137030 142089
13-12-16.DAT=3C144: 1810 5998 11333 16670 10741 16631 21109 25864 30830 35796 39931 45956 50833 54227 59805 63585 70400 74273 79400 84330 94710 99231 103436 107142 111671 117459 123174 127434 131842 140170 147367 155637 161055 165939 169231 184674 188637 208937 212959
14-12-09.DAT=3C154: 3034 7079 12390 17236 21242 26412 31704 36171 40618 46019 51323 55465 59557 64997 68986
14-12-10.DAT=3C196: 321 6166 11134 16328 20909 26197 31387 35914 40753 45264 49263 54080 58572 64394 65000 69202 73740 78490 83161 88343 93139 98876 102057 107458 112051 116956 122712 127516 130345 137225 141861 145854 151375 156008 161553 165034 169822 175434 179653 184738 190025 193924 199383 204554 209069
14-12-11.DAT=3C254: 3394 8563 13105 18188 22462 27353 32166 36196 41374 45452 52311 54687 59731 66469
14-12-12.DAT=3C273: 2126 3706 6245 11340 15799 17364 21417 25742 30841 35577 40176 44486 49397 55003 59411 63995 66036 69074 73505 82878 87622